0 0
1 5587
2 7322
3 3925
4 7291
5 6406
6 5871
7 290
8 3902
9 389
10 200
11 273
12 203
13 405
14 362
15 406
16 394
17 3830
18 403
19 408
20 376
21 385
22 369
23 404
24 208
25 204
26 398
27 219
28 5073
29 393
30 395
31 369
32 363
33 4868
34 392
35 387
36 4868
37 374
38 4183
39 426
40 360
41 370
42 400
43 495
44 366
45 402
46 399
47 468
48 202
49 4870
50 402
51 211
52 200
53 4907
54 3652
55 208
56 398
57 302
58 3684
59 202
60 391
61 4883
62 414
63 221
64 415
65 406
66 383
67 3899
68 445
69 447
70 431
71 436
72 223
73 390
74 202
75 202
76 204
77 399
78 3686
79 390
80 3772
81 401
82 212
83 202
84 396
85 219
86 3747
87 448
88 404
89 437
90 221
91 419
92 404
93 218
94 445
95 224
96 435
97 523
98 667
99 388
100 3770
101 279
102 249
103 258
104 245
105 246
106 454
107 204
108 233
109 4848
110 380
111 202
112 3829
113 238
114 274
115 211
116 214
117 201
118 3935
119 206
120 3690
121 204
122 216
123 398
124 385
125 430
126 3710
127 398
128 384
129 377
130 390
131 370
132 374
133 3825
134 230
135 366
136 211
137 4875
138 291
139 206
140 2739
141 4825
142 213
143 211
144 530
145 203
146 202
147 214
148 206
149 4900
150 204
151 398
152 203
153 3632
154 204
155 379
156 208
157 204
158 392
159 206
160 204
161 400
162 205
163 207
164 203
165 444
166 395
167 3628
168 2641
169 202
170 4851
171 203
172 2668
173 207
174 608
175 205
176 458
177 394
178 205
179 3877
180 412
181 206
182 205
183 206
184 398
185 206
186 4039
187 207
188 206
189 210
190 3453
191 392
192 4933
193 258
194 3757
195 267
196 202
197 256
198 580
199 245
200 203
201 203
202 393
203 213
204 406
205 541
206 372
207 446
208 468
209 348
210 427
211 407
212 446
213 396
214 442
215 413
216 205
217 386
218 380
219 214
220 209
221 416
222 402
223 403
224 393
225 395
226 394
227 379
228 2741
229 341
230 357
231 394
232 414
233 338
234 491
235 479
236 384
237 449
238 466
239 505
240 399
241 202
242 4946
243 405
244 203
245 410
246 211
247 395
248 298
249 296
250 205
251 4888
252 303
253 214
254 392
255 438
256 416
257 438
258 406
259 388
260 430
261 3868
262 440
263 376
264 434
265 201
266 4878
267 204
268 3600
269 208
270 213
271 209
272 199
273 4156
274 211
275 206
276 395
277 436
278 401
279 219
280 363
281 437
282 435
283 433
284 437
285 445
286 4923
287 442
288 3867
289 3648
290 203
291 4840
292 394
293 240
294 3692
295 203
296 3646
297 204
298 203
299 199
300 0
ALL GOOD... 51688
